
rb = 52.581; rt = 57.015;
rl = 66.346; rr = 59.744;
rh = 36.772;

eps1 = 1.2;
eps2 = 1;

ptosisB0 = 0.2;  ptosisB1 = 0.001;
turnC0 = -0.018; turnC1 = 0.002;
topShapeS0 = -1.3;  topShapeT0 = 0.010; topShapeS1 = -0.5; topShapeT1 = -0.1;
flattenSideG0 = 0.85;  flattenSideG1 = 0.9;
turnTopH0 = 9.0;  turnTopH1 = 1.39;